
--boundary_.oOo._YiqGLGZK781zUwTHbrn6KuGEXhiqmue8
Content-Length: 394074
Content-Type: application/octet-stream
X-File-MD5: 871ba872624c9c44a6594f9074b3fab1
X-File-Mtime: 1683453220
X-File-Path: /GitHub/ShowCase/VisualStudioHandmadeThemes/WarmNCozy/bin/Debug/CustomTheme.pkgdef

﻿[$RootKey$\Themes\{9dd67987-b04d-496d-bc7f-c76d249915b6}]
@="WarmNCozy (1)"
"Name"="WarmNCozy (1)"

[$RootKey$\Themes\{9dd67987-b04d-496d-bc7f-c76d249915b6}\ACDCOverview]
"Data"=hex:81,01,00,00,0b,00,00,00,01,00,00,00,c6,7a,88,c8,60,3c,09,42,9d,69,8f,4c,12,a6,00,44,0d,00,00,00,16,00,00,00,4e,75,6d,62,65,72,65,64,4c,69,73,74,49,74,65,6d,41,63,74,69,76,65,01,33,99,ff,ff,01,ff,fc,ea,ff,1c,00,00,00,4e,75,6d,62,65,72,65,64,4c,69,73,74,49,74,65,6d,41,63,74,69,76,65,42,6f,72,64,65,72,01,33,99,ff,ff,00,1b,00,00,00,4e,75,6d,62,65,72,65,64,4c,69,73,74,49,74,65,6d,48,6f,76,65,72,42,6f,72,64,65,72,00,01,f1,a6,61,ff,07,00,00,00,43,68,65,76,72,6f,6e,00,01,88,62,24,ff,14,00,00,00,43,6f,6e,74,65,6e,74,53,65,63,74,69,6f,6e,48,65,61,64,65,72,00,01,88,62,24,ff,02,00,00,00,48,31,00,01,88,62,24,ff,04,00,00,00,42,6f,64,79,01,ff,fc,ea,ff,01,d6,c4,ac,ff,15,00,00,00,4e,75,6d,62,65,72,65,64,4c,69,73,74,49,74,65,6d,48,6f,76,65,72,01,f1,a6,61,ff,00,1a,00,00,00,43,6f,6e,74,65,6e,74,53,65,63,74,69,6f,6e,48,65,61,64,65,72,42,6f,72,64,65,72,00,01,d6,cd,b2,ff,10,00,00,00,4e,75,6d,62,65,72,65,64,4c,69,73,74,49,74,65,6d,01,88,62,24,ff,01,ff,fc,ea,ff,09,00,00,00,48,79,70,65,72,6c,69,6e,6b,00,01,00,6c,be,ff,0f,00,00,00,48,79,70,65,72,6c,69,6e,6b,41,63,74,69,76,65,00,01,d6,c4,ac,ff,0e,00,00,00,48,79,70,65,72,6c,69,6e,6b,48,6f,76,65,72,00,01,d6,c4,ac,ff

[$RootKey$\Themes\{9dd67987-b04d-496d-bc7f-c76d249915b6}\ApplicationInsights]
"Data"=hex:94,04,00,00,0b,00,00,00,01,00,00,00,03,be,de,ba,0e,e6,de,41,8b,51,5a,37,9a,84,42,17,1d,00,00,00,05,00,00,00,45,72,72,6f,72,01,26,32,38,ff,00,1e,00,00,00,4c,69,76,65,4d,65,74,72,69,63,73,46,61,69,6c,65,64,52,65,71,75,65,73,74,53,74,72,6f,6b,65,01,26,32,38,ff,00,18,00,00,00,4c,69,76,65,4d,65,74,72,69,63,73,52,65,71,75,65,73,74,53,74,72,6f,6b,65,01,26,32,38,ff,00,08,00,00,00,53,71,75,69,67,67,6c,79,01,26,32,38,ff,00,07,00,00,00,53,75,63,63,65,73,73,01,26,32,38,ff,00,12,00,00,00,43,6f,6e,66,69,67,45,64,69,74,6f,72,48,65,61,64,65,72,01,ff,ff,ff,ff,00,14,00,00,00,43,6f,6e,66,69,67,45,64,69,74,6f,72,4c,69,73,74,50,61,6e,65,01,00,2b,36,ff,00,16,00,00,00,43,6f,6e,66,69,67,45,64,69,74,6f,72,44,65,74,61,69,6c,50,61,6e,65,01,00,2b,36,ff,00,1a,00,00,00,43,6f,6e,66,69,67,45,64,69,74,6f,72,50,72,69,6d,61,72,79,4e,61,76,50,61,6e,65,01,19,35,49,ff,00,1c,00,00,00,43,6f,6e,66,69,67,45,64,69,74,6f,72,53,65,63,6f,6e,64,61,72,79,4e,61,76,50,61,6e,65,01,00,2b,36,ff,00,18,00,00,00,43,6f,6e,66,69,67,45,64,69,74,6f,72,4c,65,67,61,6c,4d,65,73,73,61,67,65,01,00,14,19,ff,00,16,00,00,00,43,6f,6e,66,69,67,45,64,69,74,6f,72,50,61,6e,65,42,6f,72,64,65,72,01,e5,e5,eb,ff,00,1a,00,00,00,43,6f,6e,66,69,67,45,64,69,74,6f,72,44,69,76,69,73,69,6f,6e,42,6f,72,64,65,72,01,e5,e5,eb,ff,00,1a,00,00,00,43,6f,6e,66,69,67,45,64,69,74,6f,72,50,72,69,6d,61,72,79,4e,61,76,49,74,65,6d,01,ff,ff,ff,00,01,83,94,96,ff,1f,00,00,00,43,6f,6e,66,69,67,45,64,69,74,6f,72,50,72,69,6d,61,72,79,4e,61,76,49,74,65,6d,48,6f,76,65,72,01,47,77,86,ff,01,83,94,96,ff,22,00,00,00,43,6f,6e,66,69,67,45,64,69,74,6f,72,50,72,69,6d,61,72,79,4e,61,76,49,74,65,6d,53,65,6c,65,63,74,65,64,01,47,77,86,ff,01,ff,ff,ff,ff,2c,00,00,00,43,6f,6e,66,69,67,45,64,69,74,6f,72,50,72,69,6d,61,72,79,4e,61,76,49,74,65,6d,53,65,63,6f,6e,64,61,72,79,53,65,6c,65,63,74,69,6f,6e,01,00,3c,49,ff,01,83,94,96,ff,1c,00,00,00,43,6f,6e,66,69,67,45,64,69,74,6f,72,53,65,63,6f,6e,64,61,72,79,4e,61,76,49,74,65,6d,01,ff,ff,ff,00,01,83,94,96,ff,22,00,00,00,43,6f,6e,66,69,67,45,64,69,74,6f,72,53,65,63,6f,6e,64,61,72,79,4e,61,76,49,74,65,6d,42,6f,72,64,65,72,01,ff,ff,ff,00,00,21,00,00,00,43,6f,6e,66,69,67,45,64,69,74,6f,72,53,65,63,6f,6e,64,61,72,79,4e,61,76,49,74,65,6d,48,6f,76,65,72,01,ff,ff,ff,00,01,47,77,86,ff,27,00,00,00,43,6f,6e,66,69,67,45,64,69,74,6f,72,53,65,63,6f,6e,64,61,72,79,4e,61,76,49,74,65,6d,48,6f,76,65,72,42,6f,72,64,65,72,01,ff,ff,ff,00,00,24,00,00,00,43,6f,6e,66,69,67,45,64,69,74,6f,72,53,65,63,6f,6e,64,61,72,79,4e,61,76,49,74,65,6d,53,65,6c,65,63,74,65,64,01,ff,ff,ff,00,01,00,97,fb,ff,2a,00,00,00,43,6f,6e,66,69,67,45,64,69,74,6f,72,53,65,63,6f,6e,64,61,72,79,4e,61,76,49,74,65,6d,53,65,6c,65,63,74,65,64,42,6f,72,64,65,72,01,26,8b,d2,ff,00,23,00,00,00,43,6f,6e,66,69,67,45,64,69,74,6f,72,53,65,63,6f,6e,64,61,72,79,4e,61,76,49,74,65,6d,50,72,65,73,73,65,64,01,ff,ff,ff,00,01,00,97,fb,ff,29,00,00,00,43,6f,6e,66,69,67,45,64,69,74,6f,72,53,65,63,6f,6e,64,61,72,79,4e,61,76,49,74,65,6d,50,72,65,73,73,65,64,42,6f,72,64,65,72,01,ff,ff,ff,00,00,21,00,00,00,43,6f,6e,66,69,67,45,64,69,74,6f,72,50,6c,75,67,69,6e,73,53,74,61,74,75,73,46,65,65,64,62,61,63,6b,01,d8,e7,f6,ff,00,1b,00,00,00,43,6f,6e,66,69,67,45,64,69,74,6f,72,50,6c,75,67,69,6e,73,4c,69,73,74,49,74,65,6d,01,ff,ff,ff,00,00,20,00,00,00,43,6f,6e,66,69,67,45,64,69,74,6f,72,50,6c,75,67,69,6e,73,4c,69,73,74,49,74,65,6d,48,6f,76,65,72,01,19,35,49,72,01,83,94,96,ff,23,00,00,00,43,6f,6e,66,69,67,45,64,69,74,6f,72,50,6c,75,67,69,6e,73,4c,69,73,74,49,74,65,6d,53,65,6c,65,63,74,65,64,01,47,77,86,ff,01,ff,ff,ff,ff

[$RootKey$\Themes\{9dd67987-b04d-496d-bc7f-c76d249915b6}\Cider]
"Data"=hex:21,16,00,00,0b,00,00,00,01,00,00,00,ee,53,d1,92,d7,57,1f,43,a7,39,09,31,ca,3f,7f,70,b8,00,00,00,0e,00,00,00,41,72,74,62,6f,61,72,64,42,75,74,74,6f,6e,01,ff,fc,ea,ff,00,07,00,00,00,43,6f,6d,6d,61,6e,64,01,ff,fc,ea,ff,01,d6,c4,ac,ff,0f,00,00,00,43,6f,6d,6d,61,6e,64,44,69,73,61,62,6c,65,64,01,ff,fc,ea,ff,01,b0,89,50,ff,0e,00,00,00,43,6f,6d,6d,61,6e,64,50,72,65,73,73,65,64,01,00,6c,be,ff,01,ff,fc,ea,ff,0f,00,00,00,49,6e,74,65,72,61,63,74,69,76,65,49,63,6f,6e,01,ff,fc,ea,ff,01,d6,c4,ac,ff,0b,00,00,00,53,70,6c,69,74,42,61,72,54,61,62,01,ff,fc,ea,ff,01,d6,c4,ac,ff,0d,00,00,00,54,61,62,42,61,63,6b,67,72,6f,75,6e,64,01,ff,d8,a9,ff,00,10,00,00,00,42,72,65,61,64,63,72,75,6d,62,42,75,74,74,6f,6e,01,d6,cd,b2,ff,01,d6,c4,ac,ff,0e,00,00,00,43,6f,6d,62,6f,42,6f,78,42,75,74,74,6f,6e,01,ff,fc,ea,ff,01,d6,c4,ac,ff,15,00,00,00,43,6f,6d,62,6f,42,6f,78,42,75,74,74,6f,6e,50,72,65,73,73,65,64,01,00,6c,be,ff,01,ff,fc,ea,ff,0a,00,00,00,49,63,6f,6e,42,75,74,74,6f,6e,01,ff,d8,a9,ff,01,d6,c4,ac,ff,11,00,00,00,49,63,6f,6e,42,75,74,74,6f,6e,50,72,65,73,73,65,64,01,00,6c,be,ff,01,ff,fc,ea,ff,17,00,00,00,42,72,65,61,64,63,72,75,6d,62,42,75,74,74,6f,6e,4f,6e,48,6f,76,65,72,01,1c,97,ea,ff,01,ff,fc,ea,ff,18,00,00,00,42,72,65,61,64,63,72,75,6d,62,42,75,74,74,6f,6e,53,65,6c,65,63,74,65,64,01,00,6c,be,ff,01,ff,fc,ea,ff,1f,00,00,00,42,72,65,61,64,63,72,75,6d,62,42,75,74,74,6f,6e,53,65,6c,65,63,74,65,64,4f,6e,48,6f,76,65,72,01,1c,97,ea,ff,01,ff,fc,ea,ff,17,00,00,00,43,6f,6d,62,6f,42,6f,78,42,75,74,74,6f,6e,4d,6f,75,73,65,4f,76,65,72,01,00,6c,be,ff,01,ff,fc,ea,ff,13,00,00,00,49,63,6f,6e,42,75,74,74,6f,6e,4d,6f,75,73,65,4f,76,65,72,01,f1,a6,61,ff,01,d6,c4,ac,ff,13,00,00,00,53,70,6c,69,74,42,61,72,54,61,62,53,65,6c,65,63,74,65,64,01,ff,fc,ea,ff,01,d6,c4,ac,ff,1d,00,00,00,43,6f,6d,62,6f,42,6f,78,42,75,74,74,6f,6e,4d,6f,75,73,65,4f,76,65,72,42,6f,72,64,65,72,01,00,6c,be,ff,00,08,00,00,00,43,6f,6d,62,6f,42,6f,78,01,ff,fc,ea,ff,01,d6,c4,ac,ff,0e,00,00,00,4c,69,73,74,42,61,63,6b,67,72,6f,75,6e,64,01,ff,fc,ea,ff,00,0d,00,00,00,43,6f,6d,62,6f,42,6f,78,50,6f,70,55,70,01,ff,fc,ea,ff,00,16,00,00,00,43,6f,6d,62,6f,42,6f,78,44,69,73,61,62,6c,65,64,42,6f,72,64,65,72,01,d6,cd,b2,ff,00,13,00,00,00,43,6f,6d,62,6f,42,6f,78,50,6f,70,55,70,42,6f,72,64,65,72,01,d6,cd,b2,ff,00,15,00,00,00,54,61,62,49,74,65,6d,53,65,6c,65,63,74,65,64,42,6f,72,64,65,72,01,ff,d8,a9,ff,00,09,00,00,00,54,61,62,42,6f,72,64,65,72,01,ff,d8,a9,ff,00,0d,00,00,00,54,61,62,49,74,65,6d,42,6f,72,64,65,72,01,ff,fc,ea,ff,00,15,00,00,00,54,61,62,49,74,65,6d,44,69,73,61,62,6c,65,64,42,6f,72,64,65,72,01,ff,fc,ea,ff,00,14,00,00,00,43,6f,6d,62,6f,42,6f,78,42,75,74,74,6f,6e,42,6f,72,64,65,72,01,ff,fc,ea,ff,00,1c,00,00,00,42,72,75,73,68,47,72,61,64,69,65,6e,74,53,74,6f,70,49,6e,6e,65,72,42,6f,72,64,65,72,01,ae,a2,83,ff,00,1c,00,00,00,42,72,75,73,68,47,72,61,64,69,65,6e,74,53,74,6f,70,4f,75,74,65,72,42,6f,72,64,65,72,01,ff,